
=== SS20 local (peak) ===

matrix	total	perform
	[sec]	[Mflops]

100	0.04	17.690
200	0.28	19.302
400	2.45	17.529
600	11.67	12.401
800	30.60	11.197
1000	61.63	10.849
1200	109.40	10.556
1400	178.17	10.289
1600	264.82	10.331


=== SS20 <-> US ninf_call (peak) ===

matrix  init    trans   calc    total   perform    cal_perform	speed
        [sec]   [sec]   [sec]   [sec]   [Mflops]   [Mflops]    	[Mbyte/sec]

  100   0.068	0.012	  0.02    0.10   6.920     31.212       6.834
  200   	0.122	  0.17    0.36  15.204     32.032       2.656
  400   	0.482	  1.70    2.25  19.085     25.227       2.672
  600   	1.012	  6.27    7.35  19.703     23.096       2.858
  800   	1.732	 15.41   17.21  19.906     22.226       2.965
 1000   	2.692	 30.57   33.33  20.062     21.870       2.979
 1200   	3.932	 53.91   57.91  19.943     21.421       2.936
 1400   	5.412	 86.70   92.18  19.889     21.144       2.902
 1600   	7.022	131.16  138.25  19.789     20.859       2.921

average					(200-1600)	2.861 [Mbyte/sec]


=== SS20 <- switch -> J90 ninf_call [lapack] (peak) ===

matrix  init    trans   calc    total   perform    cal_perform	speed
        [sec]   [sec]   [sec]   [sec]   [Mflops]   [Mflops]    	[Mbyte/sec]

  100   1.017	0.023	  0.02    1.06   0.650     34.333       3.566
  200   	0.273	  0.11    1.40   3.860     48.769       1.187
  400   	1.093	  0.72    2.83  15.185     59.621       1.178
  600   	2.573	  2.24    5.83  24.804     64.665       1.124
  800   	4.643	  5.06   10.72  31.971     67.710       1.106
 1000   	7.003	  9.74   17.76  37.641     68.638       1.145
 1200   	10.173	 16.33   27.52  41.970     70.708       1.135
 1400   	13.793	 25.75   40.56  45.200     71.180       1.139
 1600   	18.013	 37.78   56.81  48.153     72.416       1.139

average					(200-1600)	1.144 [Mbyte/sec]


=== SS20 <- fddi -> J90 ninf_call [lapack] (peak) ===

matrix  init    trans   calc    total   perform    cal_perform	speed
        [sec]   [sec]   [sec]   [sec]   [Mflops]   [Mflops]    	[Mbyte/sec]

  100   0.969	0.001	  0.02    0.99   0.692     34.333       82.012
  200   	0.091	  0.11    1.17   4.613     48.333       3.561
  400   	0.451	  0.72    2.14  20.057     60.037       2.856
  600   	1.011	  2.24    4.22  34.331     64.665       2.861
  800   	1.781	  5.06    7.81  43.895     67.710       2.884
 1000   	2.771	  9.67   13.41  49.868     69.141       2.894
 1200   	4.011	 16.33   21.31  54.196     70.713       2.878
 1400   	5.371	 25.76   32.10  57.109     71.178       2.925
 1600   	7.051	 37.78   45.80  59.733     72.417       2.909

average					(400-1600)	2.887 [Mbyte/sec]


=== SS20 <- switch -> J90 ninf_call [fast] (peak) ===

matrix  init    trans   calc    total   perform    cal_perform	speed
        [sec]   [sec]   [sec]   [sec]   [Mflops]   [Mflops]    	[Mbyte/sec]

  100   3.227	0.073	  0.01    3.31   0.208     98.095       1.123
  200   	0.323	  0.03    3.58   1.511    180.444       1.003
  400   	1.123	  0.14    4.49   9.572    300.606       1.147
  600   	2.543	  0.34    6.11  23.698    421.924       1.137
  800   	4.523	  0.70    8.45  40.535    485.976       1.136
 1000   	7.013	  1.20   11.44  58.466    557.222       1.144
 1200   	10.183	  1.96   15.37  75.154    588.924       1.134
 1400   	13.763	  2.99   19.98  91.734    613.744       1.141
 1600   	18.093	  4.55   25.87 105.749    600.612       1.134

average							1.122 [Mbyte/sec]


=== SS20 <- fddi -> J90 ninf_call [fast] (peak) ===

matrix  init    trans   calc    total   perform    cal_perform	speed
        [sec]   [sec]   [sec]   [sec]   [Mflops]   [Mflops]    	[Mbyte/sec]

  100   3.211	0.029	  0.01    3.25   0.212     98.095	2.828
  200   	0.099	  0.03    3.34   1.619    174.624	3.273
  400   	0.459	  0.14    3.81  11.272    304.870	2.806
  600   	0.949	  0.35    4.51  32.080    418.266	3.047
  800   	1.709	  0.70    5.62  61.013    488.053	3.005
 1000   	2.689	  1.20    7.10  94.221    556.295	2.983
 1200   	3.889	  1.96    9.06 127.432    590.731	2.968
 1400   	5.289	  2.98   11.48 159.731    615.599	2.970
 1600   	6.859	  4.56   14.63 186.983    600.480	2.991

average							2.986 [Mbyte/sec]
