# 0 dimentional
# experiment = bandwidth_tcp
# pair = c0-s0
39.0	875.119000
100.0	798.148000
161.0	882.601000
222.0	936.511000
283.0	792.840000
344.0	864.675000
405.0	882.739000
466.0	856.754000
527.0	891.251000
588.0	859.529000
649.0	853.680000
710.0	831.265000
771.0	845.899000
832.0	821.227000
893.0	848.171000
954.0	844.836000
1015.0	817.691000
1076.0	835.107000
1137.0	821.619000
1198.0	849.431000
1259.0	840.791000
1320.0	856.490000
1381.0	826.871000
1442.0	856.169000
1503.0	867.184000
1564.0	854.076000
1625.0	824.527000
1686.0	769.574000
1747.0	876.967000
1808.0	838.410000
1869.0	817.806000
1930.0	843.704000
1991.0	911.205000
2052.0	928.209000
2113.0	933.942000
2174.0	1048.950000
2235.0	919.650000
2296.0	979.716000
2357.0	975.285000
2418.0	905.916000
2479.0	918.081000
2540.0	963.290000
2601.0	850.440000
2662.0	855.541000
2723.0	957.447000
2784.0	946.311000
2845.0	950.130000
2906.0	922.655000
2967.0	883.370000
3028.0	890.775000
3089.0	885.433000
3150.0	918.079000
3211.0	923.019000
3272.0	899.174000
3333.0	862.396000
3394.0	901.717000
3455.0	922.260000
3516.0	925.678000
3577.0	922.591000
3638.0	929.414000
3699.0	939.510000
3760.0	949.241000
3821.0	931.685000
3882.0	925.705000
3943.0	909.159000
4004.0	931.034000
4065.0	925.220000
4126.0	893.930000
4187.0	922.841000
4249.0	511.069000
4309.0	959.005000
4370.0	951.342000
4431.0	939.817000
4492.0	931.438000
4553.0	919.423000
4614.0	818.752000
4675.0	841.801000
4736.0	855.189000
4797.0	846.510000
4858.0	859.931000
4919.0	836.274000
4980.0	836.822000
5041.0	843.240000
5102.0	811.415000
5163.0	841.346000
5224.0	843.753000
5285.0	857.265000
5346.0	852.616000
5407.0	840.803000
5468.0	847.278000
5529.0	828.391000
5590.0	710.645000
5655.0	685.481000
5712.0	720.540000
5773.0	713.181000
5834.0	752.153000
5895.0	740.380000
5956.0	795.919000
6017.0	784.326000
6078.0	758.110000
6139.0	789.714000
6200.0	766.869000
6261.0	785.343000
6322.0	768.400000
6383.0	736.890000
6444.0	772.454000
6505.0	725.023000
6570.0	777.395000
6627.0	741.456000
6688.0	715.994000
6749.0	721.541000
6810.0	945.906000
6871.0	950.113000
6935.0	933.200000
6993.0	798.766000
7054.0	964.364000
7115.0	963.876000
7176.0	826.092000
7237.0	817.471000
7298.0	836.800000
7359.0	833.214000
7420.0	875.371000
7481.0	861.056000
7542.0	875.289000
7603.0	845.891000
7664.0	771.650000
7725.0	869.303000
7786.0	860.492000
7847.0	852.070000
7911.0	855.555000
7969.0	868.390000
8030.0	868.258000
8091.0	875.673000
8152.0	902.566000
8213.0	861.468000
8274.0	835.114000
8335.0	853.606000
8396.0	833.550000
8457.0	794.969000
8518.0	867.980000
8579.0	857.134000
8641.0	532.268000
8701.0	840.670000
8762.0	893.504000
8823.0	776.898000
8884.0	885.918000
8946.0	827.344000
9007.0	870.481000
9067.0	829.025000
9128.0	863.522000
9189.0	844.206000
9250.0	824.736000
9311.0	815.245000
9372.0	877.967000
9433.0	846.314000
9494.0	853.395000
9555.0	886.064000
9616.0	898.947000
9677.0	847.603000
9738.0	810.253000
9799.0	855.100000
9860.0	853.244000
9921.0	883.670000
9982.0	827.555000
10043.0	822.661000
10104.0	869.577000
10165.0	889.421000
10227.0	501.675000
10287.0	632.950000
10348.0	716.808000
10409.0	761.010000
10470.0	751.056000
10531.0	795.541000
10592.0	787.587000
10653.0	796.876000
10714.0	806.917000
10775.0	771.759000
10836.0	797.832000
10897.0	781.846000
10958.0	771.611000
11019.0	671.480000
11080.0	788.685000
11141.0	778.634000
11202.0	702.102000
11263.0	680.222000
11324.0	749.834000
11385.0	743.481000
11446.0	693.592000
11507.0	737.659000
11568.0	752.406000
11629.0	951.829000
11690.0	930.323000
11751.0	944.903000
11812.0	967.993000
11873.0	923.251000
11934.0	940.819000
11995.0	910.546000
12056.0	958.284000
12117.0	965.519000
12178.0	945.562000
12239.0	987.404000
12300.0	954.544000
12361.0	982.901000
12422.0	967.383000
12483.0	963.211000
12544.0	926.499000
12605.0	913.940000
12666.0	947.283000
12727.0	856.464000
12788.0	983.616000
12850.0	580.690000
12910.0	934.685000
12971.0	990.019000
13032.0	989.327000
13093.0	980.611000
13154.0	946.294000
13215.0	979.339000
13276.0	936.311000
13337.0	953.454000
13398.0	953.768000
13459.0	973.036000
13521.0	384.402000
13581.0	609.294000
13646.0	680.424000
13703.0	692.331000
13764.0	727.721000
13825.0	705.298000
13886.0	711.111000
13950.0	772.754000
14008.0	947.859000
14069.0	952.030000
14130.0	920.999000
14191.0	946.049000
14252.0	953.551000
14313.0	928.857000
14374.0	937.205000
14435.0	962.268000
14496.0	961.659000
14557.0	945.504000
14618.0	786.370000
14679.0	818.796000
14740.0	865.635000
14801.0	853.591000
14862.0	849.149000
14923.0	804.567000
14984.0	828.137000
15045.0	846.398000
15106.0	858.859000
15167.0	848.945000
15228.0	844.395000
15289.0	862.131000
15350.0	869.552000
15411.0	854.644000
15472.0	859.476000
15533.0	853.867000
15594.0	860.061000
15655.0	848.401000
15716.0	842.546000
15777.0	858.065000
15838.0	837.219000
15899.0	848.002000
15960.0	861.941000
16021.0	868.023000
16082.0	816.291000
16143.0	861.081000
16204.0	851.356000
16265.0	849.274000
16326.0	822.712000
16387.0	842.206000
16448.0	967.154000
16509.0	973.829000
16570.0	939.016000
16631.0	971.765000
16692.0	958.227000
16753.0	953.374000
16814.0	948.897000
16875.0	969.483000
16936.0	951.416000
16997.0	988.102000
17058.0	960.579000
17119.0	957.415000
17180.0	949.957000
17241.0	970.312000
17302.0	956.786000
17363.0	937.849000
17424.0	965.188000
17485.0	956.569000
17546.0	948.154000
17607.0	865.899000
17668.0	965.840000
17729.0	956.649000
17790.0	961.460000
17851.0	957.847000
17912.0	929.576000
17973.0	965.115000
18034.0	974.387000
18095.0	922.210000
18156.0	941.445000
18217.0	950.936000
18278.0	948.418000
18339.0	968.304000
18400.0	972.481000
18461.0	863.479000
18522.0	948.596000
18583.0	963.456000
18644.0	959.724000
18705.0	951.095000
18766.0	959.308000
18830.0	923.899000
18891.0	1039.400000
18949.0	981.000000
19010.0	959.535000
19071.0	942.719000
19132.0	942.404000
19193.0	978.398000
19254.0	932.752000
19315.0	964.630000
19376.0	956.574000
19437.0	943.717000
19498.0	752.496000
19559.0	934.317000
19624.0	771.739000
19710.0	889.129000
19778.0	806.485000
19870.0	811.530000
19935.0	796.236000
19999.0	794.719000
20090.0	832.518000
20153.0	824.723000
20217.0	793.331000
20280.0	769.425000
20344.0	828.385000
20408.0	795.449000
20503.0	817.395000
20571.0	830.951000
20669.0	646.891000
20728.0	659.604000
20822.0	672.224000
20926.0	741.577000
21002.0	598.026000
21097.0	668.852000
21159.0	740.018000
21223.0	923.617000
21286.0	968.651000
21382.0	966.551000
21441.0	923.085000
21508.0	957.114000
21600.0	974.106000
21662.0	970.987000
21726.0	968.471000
21819.0	930.509000
21879.0	863.810000
21944.0	966.241000
22035.0	992.954000
22144.0	985.250000
22207.0	644.650000
22304.0	1047.940000
22364.0	991.096000
22454.0	966.986000
22518.0	989.786000
22610.0	963.036000
22714.0	949.866000
22777.0	962.518000
22840.0	970.224000
22930.0	934.373000
22992.0	995.244000
23055.0	995.611000
23148.0	1000.330000
23211.0	983.298000
23301.0	965.510000
23364.0	951.166000
23454.0	910.169000
23517.0	895.269000
23579.0	886.279000
23641.0	915.151000
23706.0	974.607000
23799.0	983.364000
23908.0	941.113000
24020.0	972.235000
24144.0	904.804000
24206.0	958.359000
24296.0	986.408000
24398.0	975.220000
24511.0	949.274000
24574.0	947.762000
24637.0	930.673000
24729.0	966.233000
24792.0	980.607000
24886.0	817.413000
24994.0	889.707000
25059.0	789.109000
25148.0	847.591000
25251.0	885.594000
25359.0	737.059000
25423.0	926.811000
25485.0	874.670000
25550.0	759.413000
25614.0	889.919000
25678.0	890.770000
25743.0	834.122000
25809.0	850.491000
25901.0	795.241000
26005.0	571.467000
26111.0	958.401000
26220.0	967.986000
26331.0	957.424000
26443.0	748.764000
26555.0	839.065000
26667.0	863.596000
26779.0	820.867000
26892.0	592.525000
27003.0	846.376000
27115.0	861.194000
27228.0	845.689000
27341.0	843.618000
27454.0	846.444000
27567.0	823.102000
27680.0	829.269000
27793.0	796.509000
27906.0	838.462000
28019.0	783.062000
28136.0	835.046000
28252.0	854.010000
28366.0	838.305000
28485.0	938.079000
28601.0	898.497000
28715.0	930.069000
28830.0	944.641000
28943.0	976.923000
29056.0	947.473000
29169.0	924.516000
29282.0	971.245000
29395.0	955.809000
29508.0	918.616000
29621.0	969.753000
29734.0	948.991000
29847.0	927.623000
29960.0	973.533000
30073.0	964.206000
30186.0	901.562000
30299.0	905.053000
30412.0	962.891000
30525.0	967.132000
30642.0	992.091000
30758.0	987.175000
30820.0	972.725000
30912.0	919.029000
30975.0	955.964000
31040.0	985.845000
31102.0	981.919000
31192.0	983.938000
31255.0	1013.190000
31345.0	968.200000
31410.0	561.514000
31500.0	843.476000
31562.0	825.460000
31625.0	825.665000
31692.0	905.191000
31791.0	829.002000
31856.0	887.635000
31920.0	860.919000
31984.0	927.875000
32052.0	853.360000
32117.0	882.685000
32187.0	672.168000
32255.0	742.305000
32317.0	711.533000
32382.0	674.705000
32450.0	704.874000
32509.0	731.585000
32572.0	759.971000
32636.0	758.903000
32726.0	753.810000
32827.0	733.949000
32934.0	744.660000
33043.0	714.496000
33154.0	737.947000
33266.0	928.722000
33378.0	784.188000
33490.0	841.893000
33602.0	827.332000
33714.0	769.085000
33826.0	837.812000
33938.0	818.993000
34050.0	838.466000
34162.0	844.200000
34274.0	948.241000
34387.0	932.222000
34500.0	963.287000
34613.0	947.061000
34726.0	934.029000
34839.0	926.594000
34952.0	940.114000
35065.0	862.585000
35178.0	923.365000
35291.0	937.285000
35404.0	891.844000
35517.0	922.556000
35630.0	948.066000
35743.0	940.617000
35856.0	756.232000
35969.0	828.716000
36082.0	818.720000
36195.0	824.873000
36308.0	808.374000
36421.0	816.303000
36534.0	845.034000
36651.0	835.375000
36766.0	764.042000
36880.0	730.099000
36993.0	771.991000
37135.0	493.022000
37199.0	789.056000
37261.0	778.489000
37327.0	757.094000
37396.0	771.178000
37460.0	745.810000
37525.0	714.741000
37589.0	691.609000
37654.0	685.536000
37729.0	490.053000
37790.0	698.914000
37883.0	723.306000
37950.0	718.047000
38025.0	559.860000
38090.0	905.935000
38159.0	677.241000
38239.0	847.954000
38303.0	841.445000
38373.0	867.914000
38444.0	770.555000
38509.0	792.091000
38575.0	708.016000
38640.0	826.380000
38705.0	814.043000
38771.0	777.466000
38835.0	791.506000
38901.0	819.491000
38969.0	824.832000
39030.0	696.965000
39098.0	680.266000
39170.0	434.515000
39236.0	702.209000
39307.0	475.249000
39373.0	700.173000
39437.0	697.369000
39502.0	720.246000
39568.0	677.067000
39635.0	697.719000
39701.0	743.226000
39770.0	648.673000
39836.0	644.370000
39912.0	709.680000
39978.0	570.725000
40046.0	595.229000
40107.0	678.643000
40171.0	679.366000
40252.0	533.460000
40322.0	535.419000
40385.0	575.098000
40448.0	503.360000
40511.0	650.793000
40584.0	673.450000
40653.0	508.821000
40718.0	674.699000
40781.0	687.045000
40847.0	545.841000
40909.0	667.191000
40977.0	661.266000
41086.0	516.840000
41145.0	689.477000
41210.0	599.561000
41285.0	667.608000
41352.0	719.364000
41418.0	518.151000
41490.0	546.356000
41592.0	551.171000
41665.0	568.556000
41723.0	633.212000
41786.0	622.615000
41854.0	679.981000
41923.0	649.825000
41988.0	630.744000
42061.0	637.359000
42128.0	651.010000
42206.0	579.689000
42271.0	617.235000
42338.0	659.197000
42402.0	662.808000
42471.0	644.184000
42557.0	690.705000
42646.0	698.116000
42704.0	651.826000
42765.0	645.399000
42826.0	667.865000
42887.0	668.321000
42948.0	647.474000
43009.0	642.367000
43070.0	705.234000
43131.0	750.090000
43193.0	490.900000
43253.0	609.910000
43314.0	668.587000
43376.0	597.059000
43437.0	593.160000
43498.0	538.112000
43558.0	654.959000
43619.0	702.714000
43680.0	720.934000
43741.0	704.784000
43864.0	579.753000
43924.0	621.382000
43985.0	672.071000
44046.0	659.446000
44107.0	651.817000
44168.0	718.548000
44229.0	695.173000
44290.0	686.635000
44351.0	690.852000
44412.0	693.611000
44473.0	704.675000
44534.0	682.745000
44595.0	694.501000
44656.0	688.289000
44717.0	693.004000
44778.0	734.236000
44839.0	705.581000
44900.0	691.995000
44961.0	686.281000
45022.0	698.982000
45083.0	721.271000
45144.0	622.838000
45205.0	914.863000
45266.0	668.505000
45327.0	738.744000
45388.0	804.699000
45449.0	779.151000
45510.0	723.975000
45571.0	787.784000
45632.0	790.740000
45693.0	807.410000
45754.0	792.441000
45815.0	778.613000
45876.0	797.169000
45937.0	719.609000
45998.0	791.021000
46059.0	790.082000
46120.0	796.484000
46181.0	722.750000
46242.0	784.170000
46303.0	776.141000
46364.0	716.705000
46425.0	741.540000
46486.0	742.839000
46547.0	755.062000
46608.0	756.025000
46669.0	753.931000
46730.0	741.925000
46791.0	744.664000
46852.0	703.256000
46913.0	764.215000
46974.0	732.197000
47035.0	751.748000
47096.0	634.360000
47157.0	643.001000
47218.0	662.411000
47279.0	633.481000
47340.0	704.946000
47401.0	726.938000
47462.0	616.717000
47523.0	643.969000
47584.0	651.683000
47645.0	755.961000
47706.0	814.055000
47767.0	795.420000
47828.0	776.241000
47889.0	789.740000
47950.0	788.509000
48011.0	761.883000
48072.0	792.436000
48133.0	748.903000
48194.0	777.909000
48255.0	814.817000
48316.0	815.016000
48377.0	800.692000
48438.0	793.691000
48499.0	768.466000
48560.0	783.401000
48621.0	730.894000
48682.0	766.082000
48744.0	599.820000
48804.0	733.045000
48865.0	742.155000
48926.0	743.746000
48987.0	735.611000
49048.0	702.469000
49109.0	752.899000
49170.0	693.322000
49233.0	331.154000
49292.0	608.184000
49354.0	596.521000
49414.0	662.592000
49475.0	644.447000
49537.0	590.316000
49597.0	657.459000
49658.0	629.215000
49719.0	710.061000
49780.0	731.091000
49841.0	682.709000
49902.0	637.156000
49963.0	661.908000
50029.0	599.916000
50085.0	684.050000
50146.0	694.914000
50207.0	671.641000
50268.0	722.125000
50329.0	700.234000
50390.0	730.205000
50452.0	394.129000
50516.0	706.259000
50573.0	705.424000
50638.0	668.340000
50699.0	691.886000
50760.0	632.239000
50817.0	603.965000
50883.0	584.201000
50940.0	541.681000
51000.0	616.775000
51061.0	622.146000
51123.0	595.312000
51187.0	620.816000
51245.0	526.549000
51305.0	647.455000
51375.0	629.055000
51435.0	655.015000
51496.0	654.936000
51557.0	629.579000
51629.0	423.727000
51679.0	684.234000
51740.0	622.875000
51801.0	602.837000
51862.0	643.961000
51924.0	574.246000
51985.0	584.843000
52045.0	645.343000
52106.0	603.993000
52179.0	638.174000
52228.0	666.389000
52289.0	605.141000
52351.0	406.014000
52411.0	605.449000
52473.0	472.021000
52537.0	624.456000
52594.0	626.875000
52655.0	655.930000
52716.0	657.545000
52777.0	710.176000
52838.0	719.901000
52899.0	703.574000
52960.0	681.196000
53021.0	669.362000
53082.0	737.944000
53143.0	674.424000
53204.0	696.420000
53265.0	671.508000
53326.0	707.178000
53387.0	671.436000
53448.0	682.765000
53509.0	698.659000
53570.0	691.203000
53631.0	919.174000
53692.0	867.064000
53753.0	924.249000
53814.0	894.855000
53875.0	919.224000
53936.0	904.332000
53998.0	579.445000
54058.0	653.622000
54119.0	658.106000
54180.0	724.222000
54241.0	652.309000
54302.0	715.389000
54363.0	665.789000
54424.0	711.466000
54485.0	675.428000
54546.0	671.018000
54607.0	699.920000
54668.0	708.151000
54729.0	680.926000
54790.0	697.345000
54851.0	709.534000
54912.0	697.439000
54973.0	662.576000
55034.0	658.784000
55095.0	684.625000
55156.0	620.051000
55217.0	646.977000
55278.0	615.811000
55340.0	361.769000
55405.0	419.445000
55461.0	680.319000
55522.0	605.369000
55583.0	654.346000
55644.0	660.769000
55706.0	562.820000
55766.0	641.644000
55827.0	624.104000
55892.0	695.840000
55950.0	419.945000
56010.0	646.580000
56075.0	711.800000
56132.0	772.545000
56197.0	742.048000
56254.0	723.755000
56315.0	698.709000
56376.0	774.643000
56437.0	747.637000
56498.0	787.456000
56559.0	689.165000
56620.0	778.684000
56681.0	796.658000
56742.0	780.809000
56803.0	825.251000
56864.0	774.711000
56925.0	793.835000
56989.0	867.919000
57047.0	719.066000
57108.0	768.884000
57169.0	798.653000
57230.0	795.327000
57291.0	709.416000
57353.0	597.644000
57413.0	711.310000
57474.0	741.168000
57535.0	761.310000
57596.0	817.124000
57657.0	812.634000
57722.0	757.615000
57779.0	807.863000
57841.0	645.904000
57901.0	730.433000
57962.0	738.705000
58024.0	518.444000
58085.0	585.212000
58145.0	623.369000
58207.0	589.630000
58267.0	630.096000
58328.0	618.178000
58395.0	383.834000
58450.0	626.345000
58513.0	562.475000
58572.0	681.116000
58633.0	657.712000
58694.0	673.166000
58755.0	681.799000
58816.0	634.396000
58877.0	683.987000
58938.0	686.356000
58999.0	652.070000
59060.0	687.591000
59121.0	670.420000
59182.0	684.604000
59243.0	655.874000
59304.0	704.390000
59365.0	658.913000
59426.0	683.037000
59487.0	667.745000
59548.0	652.092000
59610.0	542.134000
59778.0	571.864000
59850.0	641.266000
59907.0	628.472000
59983.0	647.270000
60055.0	591.340000
60121.0	509.933000
60255.0	375.509000
60376.0	648.628000
60493.0	663.271000
60608.0	649.354000
60722.0	651.870000
60837.0	687.280000
60952.0	690.089000
61065.0	629.860000
61179.0	681.569000
61302.0	59.946200
61414.0	644.130000
61528.0	627.245000
61641.0	686.800000
61754.0	671.839000
61867.0	689.175000
61980.0	657.281000
62094.0	905.212000
62207.0	628.040000
62321.0	801.409000
62434.0	781.894000
62547.0	787.773000
62660.0	815.653000
62779.0	769.553000
62894.0	791.006000
63008.0	779.168000
63121.0	720.712000
63234.0	801.403000
63348.0	498.002000
63461.0	677.485000
63575.0	747.304000
63688.0	735.589000
63801.0	705.401000
63914.0	701.721000
64027.0	713.534000
64141.0	693.516000
64256.0	722.829000
64370.0	650.420000
64484.0	636.854000
64597.0	711.085000
64716.0	719.882000
64833.0	734.066000
64949.0	778.176000
65073.0	60.235000
65181.0	740.810000
65294.0	734.996000
65407.0	726.899000
65520.0	708.451000
65583.0	705.879000
65673.0	686.010000
65775.0	650.610000
65883.0	666.101000
65993.0	644.424000
66105.0	684.974000
66218.0	711.595000
66331.0	709.056000
66445.0	766.115000
66559.0	753.494000
66673.0	758.125000
66795.0	347.832000
66912.0	541.424000
67025.0	607.404000
67138.0	650.996000
67251.0	661.957000
67365.0	689.429000
67486.0	673.562000
67550.0	703.095000
67618.0	722.310000
67723.0	712.589000
67787.0	707.346000
67852.0	699.945000
67918.0	656.659000
67983.0	564.827000
68049.0	642.346000
68128.0	657.857000
68225.0	655.447000
68330.0	676.315000
68439.0	726.236000
68550.0	732.679000
68662.0	730.509000
68774.0	615.786000
68886.0	709.332000
68998.0	730.834000
69110.0	733.754000
69223.0	708.995000
69336.0	798.901000
69449.0	774.084000
69562.0	811.163000
69675.0	750.923000
69789.0	796.169000
69902.0	808.666000
70017.0	579.860000
70131.0	700.632000
70245.0	735.030000
70359.0	754.161000
70474.0	729.653000
70587.0	751.744000
70701.0	735.234000
70815.0	733.606000
70928.0	733.619000
71041.0	729.885000
71154.0	732.294000
71267.0	741.336000
71380.0	741.149000
71494.0	732.621000
71608.0	835.405000
71721.0	900.294000
71834.0	736.824000
71947.0	786.655000
72060.0	803.415000
72173.0	797.590000
72286.0	804.137000
72399.0	771.855000
72512.0	766.938000
72625.0	787.696000
72738.0	839.934000
72851.0	802.714000
72964.0	806.261000
73077.0	815.218000
73190.0	810.238000
73303.0	829.125000
73416.0	803.909000
73529.0	759.115000
73643.0	780.581000
73756.0	811.514000
73869.0	798.339000
73990.0	775.229000
74054.0	676.428000
74117.0	840.175000
74189.0	793.331000
74253.0	803.148000
74317.0	791.241000
74382.0	798.084000
74476.0	815.794000
74542.0	793.270000
74614.0	844.731000
74676.0	771.075000
74742.0	773.315000
74807.0	804.549000
74869.0	757.327000
74931.0	607.410000
74996.0	725.526000
75065.0	801.841000
75128.0	713.049000
75190.0	725.026000
75282.0	769.121000
75353.0	720.753000
75449.0	738.134000
75515.0	742.143000
75579.0	763.956000
75642.0	711.423000
75707.0	762.447000
75770.0	746.048000
75833.0	782.651000
75900.0	707.615000
75993.0	780.622000
76055.0	767.981000
76133.0	464.874000
76218.0	730.586000
76282.0	710.941000
76347.0	669.916000
76442.0	771.161000
76507.0	785.863000
76576.0	793.794000
76643.0	865.942000
76706.0	825.271000
76798.0	644.315000
76865.0	728.784000
76932.0	702.268000
76996.0	676.725000
77067.0	666.466000
77129.0	695.834000
77191.0	652.880000
77256.0	757.206000
77313.0	761.585000
77374.0	691.846000
77435.0	735.176000
77496.0	727.276000
77557.0	737.749000
77618.0	700.441000
77679.0	760.550000
77740.0	741.771000
77801.0	770.142000
77862.0	720.604000
77923.0	742.408000
77984.0	737.725000
78046.0	717.366000
78106.0	689.180000
78167.0	689.211000
78228.0	738.841000
78289.0	758.411000
78350.0	740.548000
78415.0	763.835000
78472.0	749.143000
78533.0	742.795000
78594.0	758.345000
78659.0	717.130000
78716.0	734.579000
78777.0	785.359000
78838.0	936.046000
78899.0	941.884000
78960.0	736.908000
79021.0	838.256000
79082.0	650.024000
79143.0	668.467000
79204.0	713.740000
79265.0	701.178000
79326.0	658.491000
79387.0	666.240000
79448.0	709.585000
79509.0	740.293000
79570.0	767.746000
79631.0	773.856000
79692.0	720.329000
79753.0	707.006000
79814.0	716.159000
79875.0	717.684000
79936.0	730.066000
79997.0	728.729000
80058.0	733.183000
80119.0	752.624000
80180.0	748.115000
80241.0	745.429000
80302.0	718.039000
80363.0	751.650000
80424.0	739.041000
80485.0	745.729000
80546.0	729.661000
80607.0	743.582000
80668.0	725.785000
80729.0	753.472000
80790.0	730.846000
80851.0	740.372000
80912.0	741.536000
80973.0	749.147000
81034.0	752.636000
81095.0	741.510000
81156.0	739.124000
81217.0	901.766000
81278.0	936.294000
81339.0	932.231000
81400.0	886.949000
81461.0	918.995000
81522.0	899.940000
81583.0	873.308000
81644.0	955.497000
81705.0	949.174000
81766.0	910.216000
81827.0	945.970000
81890.0	369.760000
81952.0	1036.970000
82010.0	804.146000
82075.0	944.310000
82132.0	828.433000
82193.0	848.689000
82254.0	794.632000
82315.0	814.023000
82376.0	833.525000
82437.0	812.795000
82498.0	835.069000
82559.0	770.659000
82620.0	820.226000
82681.0	840.030000
82746.0	848.633000
82803.0	836.590000
82864.0	783.114000
82925.0	798.383000
82986.0	817.600000
83047.0	817.251000
83108.0	804.371000
83169.0	791.149000
83230.0	826.666000
83292.0	511.969000
83352.0	763.629000
83413.0	741.224000
83474.0	673.846000
83535.0	716.196000
83596.0	822.158000
83657.0	809.220000
83718.0	846.888000
83779.0	849.154000
83840.0	825.236000
83901.0	831.230000
83962.0	825.904000
84023.0	819.539000
84084.0	829.260000
84145.0	857.006000
84206.0	821.227000
84267.0	815.576000
84328.0	805.684000
84389.0	843.805000
84450.0	801.306000
84511.0	757.324000
84572.0	812.326000
84633.0	631.259000
84694.0	687.959000
84755.0	771.918000
84816.0	767.330000
84877.0	755.985000
84938.0	742.589000
84999.0	785.774000
85060.0	761.821000
85121.0	765.945000
85182.0	774.779000
85243.0	773.235000
85304.0	765.560000
85365.0	754.470000
85426.0	769.067000
85487.0	781.277000
85548.0	752.736000
85609.0	770.665000
85670.0	777.051000
85731.0	780.315000
85792.0	781.159000
85853.0	748.890000
85914.0	779.500000
85975.0	758.988000
86036.0	927.074000
86097.0	984.900000
86158.0	922.090000
86219.0	938.658000
86280.0	788.319000
86341.0	834.751000
