# linear
# experiment = bandwidth_tcp
# pair = c0-s0
39.0	875.101270
100.0	798.162850
161.0	882.611100
222.0	936.467400
283.0	792.856440
344.0	864.678690
405.0	882.732450
466.0	856.761480
527.0	891.242470
588.0	859.527290
649.0	853.672860
710.0	831.268630
771.0	845.893000
832.0	821.235550
893.0	848.170340
954.0	844.830450
1015.0	817.696450
1076.0	835.103950
1137.0	821.623030
1198.0	849.429050
1259.0	840.794200
1320.0	856.483210
1381.0	826.877830
1442.0	856.171250
1503.0	867.181330
1564.0	854.068580
1625.0	824.515450
1686.0	769.596410
1747.0	876.957840
1808.0	838.406120
1869.0	817.810960
1930.0	843.720400
1991.0	911.210050
2052.0	928.210490
2113.0	933.971560
2174.0	1048.911010
2235.0	919.668970
2296.0	979.714970
2357.0	975.268130
2418.0	905.917990
2479.0	918.091860
2540.0	963.266790
2601.0	850.441110
2662.0	855.573150
2723.0	957.444380
2784.0	946.311770
2845.0	950.124370
2906.0	922.643960
2967.0	883.371420
3028.0	890.773970
3089.0	885.441910
3150.0	918.079980
3211.0	923.013260
3272.0	899.163850
3333.0	862.405090
3394.0	901.719920
3455.0	922.260700
3516.0	925.677300
3577.0	922.593230
3638.0	929.417110
3699.0	939.511900
3760.0	949.236530
3821.0	931.683380
3882.0	925.701490
3943.0	909.162570
4004.0	931.032500
4065.0	925.210700
4126.0	893.936670
4187.0	922.739640
4249.0	511.180880
4309.0	959.003520
4370.0	951.339940
4431.0	939.813430
4492.0	931.435040
4553.0	919.399160
4614.0	818.756830
4675.0	841.803850
4736.0	855.187030
4797.0	846.512510
4858.0	859.928120
4919.0	836.274090
4980.0	836.823210
5041.0	843.232920
5102.0	811.426320
5163.0	841.346580
5224.0	843.755840
5285.0	857.264080
5346.0	852.612500
5407.0	840.804330
5468.0	847.273360
5529.0	828.362680
5590.0	710.640620
5655.0	685.490710
5712.0	720.537730
5773.0	713.191030
5834.0	752.150250
5895.0	740.393530
5956.0	795.917110
6017.0	784.319970
6078.0	758.117610
6139.0	789.708130
6200.0	766.872540
6261.0	785.339230
6322.0	768.392940
6383.0	736.896420
6444.0	772.443540
6505.0	725.035040
6570.0	777.384730
6627.0	741.451630
6688.0	715.995130
6749.0	721.627060
6810.0	945.906960
6871.0	950.108930
6935.0	933.173070
6993.0	798.812250
7054.0	964.363870
7115.0	963.852860
7176.0	826.090100
7237.0	817.474600
7298.0	836.798910
7359.0	833.221800
7420.0	875.367260
7481.0	861.058900
7542.0	875.279550
7603.0	845.875810
7664.0	771.673550
7725.0	869.301290
7786.0	860.490280
7847.0	852.070820
7911.0	855.558480
7969.0	868.389970
8030.0	868.259330
8091.0	875.678580
8152.0	902.557990
8213.0	861.462800
8274.0	835.119520
8335.0	853.602960
8396.0	833.544570
8457.0	794.991090
8518.0	867.976080
8579.0	857.062290
8641.0	532.342130
8701.0	840.679500
8762.0	893.479470
8823.0	776.920640
8884.0	885.906210
8946.0	827.352920
9007.0	870.471680
9067.0	829.036160
9128.0	863.517100
9189.0	844.201990
9250.0	824.734070
9311.0	815.254330
9372.0	877.959690
9433.0	846.315250
9494.0	853.402360
9555.0	886.066480
9616.0	898.939460
9677.0	847.593540
9738.0	810.264190
9799.0	855.099240
9860.0	853.250790
9921.0	883.655350
9982.0	827.553810
10043.0	822.670220
10104.0	869.579700
10165.0	889.319670
10227.0	501.693350
10287.0	632.969240
10348.0	716.817360
10409.0	761.007960
10470.0	751.066180
10531.0	795.539190
10592.0	787.589130
10653.0	796.878570
10714.0	806.905030
10775.0	771.765360
10836.0	797.827200
10897.0	781.843620
10958.0	771.582050
11019.0	671.506450
11080.0	788.683100
11141.0	778.617350
11202.0	702.096330
11263.0	680.235960
11324.0	749.832400
11385.0	743.466430
11446.0	693.603160
11507.0	737.663100
11568.0	752.440510
11629.0	951.824500
11690.0	930.326140
11751.0	944.907000
11812.0	967.984570
11873.0	923.256270
11934.0	940.812290
11995.0	910.554590
12056.0	958.285660
12117.0	965.513590
12178.0	945.571240
12239.0	987.397140
12300.0	954.549810
12361.0	982.898140
12422.0	967.381780
12483.0	963.203140
12544.0	926.495370
12605.0	913.950100
12666.0	947.258280
12727.0	856.504470
12788.0	983.536460
12850.0	580.793540
12910.0	934.695800
12971.0	990.018830
13032.0	989.324630
13093.0	980.598550
13154.0	946.300790
13215.0	979.326190
13276.0	936.316180
13337.0	953.454070
13398.0	953.774610
13459.0	972.846400
13521.0	384.469550
13581.0	609.309520
13646.0	680.427180
13703.0	692.340590
13764.0	727.716030
13825.0	705.299770
13886.0	711.127370
13950.0	772.808870
14008.0	947.860310
14069.0	952.023880
14130.0	921.004080
14191.0	946.050750
14252.0	953.546580
14313.0	928.858790
14374.0	937.211530
14435.0	962.267880
14496.0	961.655580
14557.0	945.474130
14618.0	786.377710
14679.0	818.806190
14740.0	865.631570
14801.0	853.589960
14862.0	849.140300
14923.0	804.573570
14984.0	828.141710
15045.0	846.400130
15106.0	858.856800
15167.0	848.944160
15228.0	844.399240
15289.0	862.132560
15350.0	869.547640
15411.0	854.644940
15472.0	859.474040
15533.0	853.868470
15594.0	860.057670
15655.0	848.399700
15716.0	842.549240
15777.0	858.061350
15838.0	837.221840
15899.0	848.004860
15960.0	861.942240
16021.0	868.011450
16082.0	816.301520
16143.0	861.078900
16204.0	851.355510
16265.0	849.268980
16326.0	822.715840
16387.0	842.244430
16448.0	967.155830
16509.0	973.818090
16570.0	939.028160
16631.0	971.761950
16692.0	958.225670
16753.0	953.372930
16814.0	948.900700
16875.0	969.478330
16936.0	951.426360
16997.0	988.095240
17058.0	960.578300
17119.0	957.413400
17180.0	949.963850
17241.0	970.309130
17302.0	956.781700
17363.0	937.853910
17424.0	965.185890
17485.0	956.567430
17546.0	948.138890
17607.0	865.924780
17668.0	965.837810
17729.0	956.650310
17790.0	961.459470
17851.0	957.839270
17912.0	929.586690
17973.0	965.117610
18034.0	974.374320
18095.0	922.215580
18156.0	941.447250
18217.0	950.935500
18278.0	948.424390
18339.0	968.304770
18400.0	972.447960
18461.0	863.497620
18522.0	948.599000
18583.0	963.455320
18644.0	959.721980
18705.0	951.096530
18766.0	959.298040
18830.0	923.922730
18891.0	1039.386250
18949.0	980.994450
19010.0	959.531250
19071.0	942.718920
19132.0	942.412700
19193.0	978.388500
19254.0	932.761730
19315.0	964.628050
19376.0	956.570580
19437.0	943.680130
19498.0	752.559030
19559.0	934.282390
19624.0	771.761010
19710.0	889.112970
19778.0	806.485960
19870.0	811.525320
19935.0	796.235680
19999.0	794.723760
20090.0	832.516190
20153.0	824.717590
20217.0	793.326380
20280.0	769.438770
20344.0	828.377370
20408.0	795.452030
20503.0	817.397840
20571.0	830.911360
20669.0	646.894430
20728.0	659.605640
20822.0	672.238900
20926.0	741.550870
21002.0	598.039140
21097.0	668.865430
21159.0	740.067570
21223.0	923.630580
21286.0	968.650650
21382.0	966.537280
21441.0	923.091790
21508.0	957.116420
21600.0	974.105230
21662.0	970.986460
21726.0	968.462770
21819.0	930.493030
21879.0	863.827210
21944.0	966.247120
22035.0	992.953220
22144.0	985.156590
22207.0	644.693440
22304.0	1047.925810
22364.0	991.092380
22454.0	966.991550
22518.0	989.781650
22610.0	963.034550
22714.0	949.868970
22777.0	962.519970
22840.0	970.217350
22930.0	934.386720
22992.0	995.244070
23055.0	995.611600
23148.0	1000.322880
23211.0	983.294930
23301.0	965.507020
23364.0	951.157590
23454.0	910.166080
23517.0	895.265690
23579.0	886.288750
23641.0	915.167770
23706.0	974.608280
23799.0	983.357630
23908.0	941.117300
24020.0	972.222380
24144.0	904.818640
24206.0	958.364120
24296.0	986.406620
24398.0	975.217240
24511.0	949.273590
24574.0	947.758920
24637.0	930.677560
24729.0	966.236630
24792.0	980.587790
24886.0	817.420640
24994.0	889.690530
25059.0	789.117740
25148.0	847.595260
25251.0	885.578300
25359.0	737.090800
25423.0	926.798650
25485.0	874.643800
25550.0	759.439430
25614.0	889.919190
25678.0	890.754540
25743.0	834.125540
25809.0	850.482250
25901.0	795.210240
26005.0	571.516040
26111.0	958.402240
26220.0	967.984710
26331.0	957.402570
26443.0	748.773790
26555.0	839.068240
26667.0	863.591090
26779.0	820.831670
26892.0	592.556930
27003.0	846.378230
27115.0	861.192000
27228.0	845.688810
27341.0	843.618420
27454.0	846.441070
27567.0	823.102610
27680.0	829.266390
27793.0	796.514190
27906.0	838.453600
28019.0	783.067910
28136.0	835.049140
28252.0	854.007840
28366.0	838.314430
28485.0	938.071770
28601.0	898.500310
28715.0	930.070310
28830.0	944.644510
28943.0	976.919590
29056.0	947.470140
29169.0	924.523030
29282.0	971.243530
29395.0	955.803030
29508.0	918.623190
29621.0	969.749770
29734.0	948.988710
29847.0	927.628050
29960.0	973.531740
30073.0	964.197450
30186.0	901.562450
30299.0	905.064560
30412.0	962.891410
30525.0	967.134760
30642.0	992.090530
30758.0	987.172460
30820.0	972.717160
30912.0	919.036520
30975.0	955.969600
31040.0	985.844060
31102.0	981.919340
31192.0	983.945710
31255.0	1013.182300
31345.0	968.126110
31410.0	561.568630
31500.0	843.472510
31562.0	825.460040
31625.0	825.688460
31692.0	905.176620
31791.0	829.017550
31856.0	887.630530
31920.0	860.939120
31984.0	927.855460
32052.0	853.366720
32117.0	882.634280
32187.0	672.181780
32255.0	742.295740
32317.0	711.525210
32382.0	674.713020
32450.0	704.883010
32509.0	731.589680
32572.0	759.970850
32636.0	758.902330
32726.0	753.806780
32827.0	733.950250
32934.0	744.655790
33043.0	714.498200
33154.0	737.963440
33266.0	928.708950
33378.0	784.194460
33490.0	841.890480
33602.0	827.324940
33714.0	769.095100
33826.0	837.809620
33938.0	818.996320
34050.0	838.466860
34162.0	844.209820
34274.0	948.240040
34387.0	932.226720
34500.0	963.284640
34613.0	947.059320
34726.0	934.028320
34839.0	926.595850
34952.0	940.105320
35065.0	862.591010
35178.0	923.367130
35291.0	937.276730
35404.0	891.846640
35517.0	922.558990
35630.0	948.065260
35743.0	940.591470
35856.0	756.244550
35969.0	828.714960
36082.0	818.720730
36195.0	824.870850
36308.0	808.375590
36421.0	816.306250
36534.0	845.033070
36651.0	835.367460
36766.0	764.037690
36880.0	730.105470
36993.0	771.956290
37135.0	493.081420
37199.0	789.053630
37261.0	778.484840
37327.0	757.098400
37396.0	771.172170
37460.0	745.804730
37525.0	714.736990
37589.0	691.607970
37654.0	685.493280
37729.0	490.107360
37790.0	698.918510
37883.0	723.304690
37950.0	718.020010
38025.0	559.978910
38090.0	905.865940
38159.0	677.268930
38239.0	847.952150
38303.0	841.452250
38373.0	867.894000
38444.0	770.558850
38509.0	792.075940
38575.0	708.040530
38640.0	826.377930
38705.0	814.034940
38771.0	777.468810
38835.0	791.511080
38901.0	819.492590
38969.0	824.798730
39030.0	696.961660
39098.0	680.216360
39170.0	434.557290
39236.0	702.166510
39307.0	475.289440
39373.0	700.172570
39437.0	697.373410
39502.0	720.238070
39568.0	677.071760
39635.0	697.727920
39701.0	743.202250
39770.0	648.672290
39836.0	644.381580
39912.0	709.649060
39978.0	570.729460
40046.0	595.244050
40107.0	678.643170
40171.0	679.346420
40252.0	533.460380
40322.0	535.426150
40385.0	575.082630
40448.0	503.395770
40511.0	650.796090
40584.0	673.420740
40653.0	508.856450
40718.0	674.703400
40781.0	687.013380
40847.0	545.862470
40909.0	667.189860
40977.0	661.246440
41086.0	516.873290
41145.0	689.465320
41210.0	599.571820
41285.0	667.614660
41352.0	719.318060
41418.0	518.157090
41490.0	546.356580
41592.0	551.174190
41665.0	568.573820
41723.0	633.210130
41786.0	622.626750
41854.0	679.973360
41923.0	649.821070
41988.0	630.745340
42061.0	637.361870
42128.0	650.997210
42206.0	579.697430
42271.0	617.244610
42338.0	659.198060
42402.0	662.803730
42471.0	644.195200
42557.0	690.706600
42646.0	698.105300
42704.0	651.824270
42765.0	645.403820
42826.0	667.865140
42887.0	668.316320
42948.0	647.473040
43009.0	642.379950
43070.0	705.246870
43131.0	750.025480
43193.0	490.928630
43253.0	609.925080
43314.0	668.567850
43376.0	597.057980
43437.0	593.147500
43498.0	538.132670
43558.0	654.969930
43619.0	702.717740
43680.0	720.930250
43741.0	704.764570
43864.0	579.766300
43924.0	621.392840
43985.0	672.068460
44046.0	659.444260
44107.0	651.832810
44168.0	718.541890
44229.0	695.170940
44290.0	686.636130
44351.0	690.852680
44412.0	693.614300
44473.0	704.671590
44534.0	682.747560
44595.0	694.499660
44656.0	688.290120
44717.0	693.010630
44778.0	734.229290
44839.0	705.576960
44900.0	691.993580
44961.0	686.284080
45022.0	698.986590
45083.0	721.251500
45144.0	622.915920
45205.0	914.815460
45266.0	668.522760
45327.0	738.755790
45388.0	804.693880
45449.0	779.141450
45510.0	723.991370
45571.0	787.784640
45632.0	790.744550
45693.0	807.405050
45754.0	792.436720
45815.0	778.618910
45876.0	797.152730
45937.0	719.625830
45998.0	791.020820
46059.0	790.083980
46120.0	796.468810
46181.0	722.761250
46242.0	784.168420
46303.0	776.121700
46364.0	716.710350
46425.0	741.540240
46486.0	742.842050
46547.0	755.062190
46608.0	756.024290
46669.0	753.926450
46730.0	741.925330
46791.0	744.649170
46852.0	703.274170
46913.0	764.203250
46974.0	732.201600
47035.0	751.721600
47096.0	634.361500
47157.0	643.004720
47218.0	662.404730
47279.0	633.495240
47340.0	704.952490
47401.0	726.918360
47462.0	616.722750
47523.0	643.970490
47584.0	651.710110
47645.0	755.976810
47706.0	814.049710
47767.0	795.415720
47828.0	776.243460
47889.0	789.739650
47950.0	788.502220
48011.0	761.889710
48072.0	792.426080
48133.0	748.907950
48194.0	777.920250
48255.0	814.817060
48316.0	815.012950
48377.0	800.690980
48438.0	793.683300
48499.0	768.468850
48560.0	783.387090
48621.0	730.907120
48682.0	766.033740
48744.0	599.848630
48804.0	733.046980
48865.0	742.155350
48926.0	743.743890
48987.0	735.601210
49048.0	702.478880
49109.0	752.884710
49170.0	693.225930
49233.0	331.205510
49292.0	608.181760
49354.0	596.534600
49414.0	662.586300
49475.0	644.438080
49537.0	590.327710
49597.0	657.451630
49658.0	629.240100
49719.0	710.065920
49780.0	731.080720
49841.0	682.698230
49902.0	637.160650
49963.0	661.892000
50029.0	599.940990
50085.0	684.053220
50146.0	694.908040
50207.0	671.649730
50268.0	722.119430
50329.0	700.241580
50390.0	730.083000
50452.0	394.188020
50516.0	706.258750
50573.0	705.418410
50638.0	668.344670
50699.0	691.869600
50760.0	632.232000
50817.0	603.959200
50883.0	584.190670
50940.0	541.698630
51000.0	616.776340
51061.0	622.139380
51123.0	595.317440
51187.0	620.791470
51245.0	526.583740
51305.0	647.451050
51375.0	629.060070
51435.0	655.014990
51496.0	654.930930
51557.0	629.540170
51629.0	423.797610
51679.0	684.224770
51740.0	622.868520
51801.0	602.849820
51862.0	643.946690
51924.0	574.248380
51985.0	584.853060
52045.0	645.333090
52106.0	603.996940
52179.0	638.183590
52228.0	666.377260
52289.0	605.102410
52351.0	406.060480
52411.0	605.415870
52473.0	472.054320
52537.0	624.456340
52594.0	626.882270
52655.0	655.930270
52716.0	657.558920
52777.0	710.178440
52838.0	719.897450
52899.0	703.568980
52960.0	681.192240
53021.0	669.382420
53082.0	737.926360
53143.0	674.428970
53204.0	696.414500
53265.0	671.518660
53326.0	707.169150
53387.0	671.438490
53448.0	682.768770
53509.0	698.657640
53570.0	691.253690
53631.0	919.160760
53692.0	867.075180
53753.0	924.240260
53814.0	894.858940
53875.0	919.220710
53936.0	904.251920
53998.0	579.463190
54058.0	653.622780
54119.0	658.124140
54180.0	724.205180
54241.0	652.322940
54302.0	715.380700
54363.0	665.805150
54424.0	711.457030
54485.0	675.427140
54546.0	671.024180
54607.0	699.923470
54668.0	708.142700
54729.0	680.931850
54790.0	697.348320
54851.0	709.531240
54912.0	697.428380
54973.0	662.574880
55034.0	658.791780
55095.0	684.611590
55156.0	620.057860
55217.0	646.971640
55278.0	615.746450
55340.0	361.781530
55405.0	419.513510
55461.0	680.310020
55522.0	605.378260
55583.0	654.347830
55644.0	660.734040
55706.0	562.837980
55766.0	641.640860
55827.0	624.124120
55892.0	695.773380
55950.0	420.004330
56010.0	646.594600
56075.0	711.819410
56132.0	772.539270
56197.0	742.044180
56254.0	723.746920
56315.0	698.724640
56376.0	774.635040
56437.0	747.645790
56498.0	787.435230
56559.0	689.184770
56620.0	778.688710
56681.0	796.655200
56742.0	780.819210
56803.0	825.239330
56864.0	774.715530
56925.0	793.856090
56989.0	867.880460
57047.0	719.075640
57108.0	768.891610
57169.0	798.652140
57230.0	795.287370
57291.0	709.394960
57353.0	597.671660
57413.0	711.318240
57474.0	741.171890
57535.0	761.318740
57596.0	817.122980
57657.0	812.624070
57722.0	757.629430
57779.0	807.819810
57841.0	645.934200
57901.0	730.435140
57962.0	738.656540
58024.0	518.459640
58085.0	585.217880
58145.0	623.361800
58207.0	589.643780
58267.0	630.094280
58328.0	618.116050
58395.0	383.906460
58450.0	626.326840
58513.0	562.500480
58572.0	681.110050
58633.0	657.717700
58694.0	673.167680
58755.0	681.788810
58816.0	634.410330
58877.0	683.987590
58938.0	686.348490
58999.0	652.077980
59060.0	687.587300
59121.0	670.422940
59182.0	684.596110
59243.0	655.885110
59304.0	704.376680
59365.0	658.919050
59426.0	683.032890
59487.0	667.742550
59548.0	652.069900
59610.0	542.136340
59778.0	571.882680
59850.0	641.262460
59907.0	628.475250
59983.0	647.261860
60055.0	591.324580
60121.0	509.918900
60255.0	375.537900
60376.0	648.630210
60493.0	663.269600
60608.0	649.354360
60722.0	651.874800
60837.0	687.280380
60952.0	690.079190
61065.0	629.866900
61179.0	681.480280
61302.0	59.996300
61414.0	644.128300
61528.0	627.250520
61641.0	686.798370
61754.0	671.841330
61867.0	689.171150
61980.0	657.308100
62094.0	905.169890
62207.0	628.062020
62321.0	801.406910
62434.0	781.894570
62547.0	787.775840
62660.0	815.644930
62779.0	769.555590
62894.0	791.004480
63008.0	779.159090
63121.0	720.724650
63234.0	801.359450
63348.0	498.026020
63461.0	677.492250
63575.0	747.302100
63688.0	735.584920
63801.0	705.400400
63914.0	701.722690
64027.0	713.532140
64141.0	693.521560
64256.0	722.818070
64370.0	650.418640
64484.0	636.862000
64597.0	711.085880
64716.0	719.884020
64833.0	734.070800
64949.0	778.101790
65073.0	60.351260
65181.0	740.809230
65294.0	734.995280
65407.0	726.896430
65520.0	708.450200
65583.0	705.876320
65673.0	686.004030
65775.0	650.611390
65883.0	666.097930
65993.0	644.429030
66105.0	684.978640
66218.0	711.594610
66331.0	709.061250
66445.0	766.113730
66559.0	753.494510
66673.0	758.078590
66795.0	347.850770
66912.0	541.432190
67025.0	607.412220
67138.0	650.997560
67251.0	661.960130
67365.0	689.427160
67486.0	673.568580
67550.0	703.097990
67618.0	722.308800
67723.0	712.587930
67787.0	707.344290
67852.0	699.933750
67918.0	656.638150
67983.0	564.843170
68049.0	642.349020
68128.0	657.856520
68225.0	655.449100
68330.0	676.319580
68439.0	726.237100
68550.0	732.678800
68662.0	730.495930
68774.0	615.795670
68886.0	709.334610
68998.0	730.834320
69110.0	733.751930
69223.0	709.005070
69336.0	798.896470
69449.0	774.087450
69562.0	811.153180
69675.0	750.926430
69789.0	796.170720
69902.0	808.647220
70017.0	579.873460
70131.0	700.635810
70245.0	735.032270
70359.0	754.157320
70474.0	729.655300
70587.0	751.742000
70701.0	735.233810
70815.0	733.606000
70928.0	733.618610
71041.0	729.885370
71154.0	732.295460
71267.0	741.335970
71380.0	741.147900
71494.0	732.632580
71608.0	835.412980
71721.0	900.271850
71834.0	736.828230
71947.0	786.657600
72060.0	803.414580
72173.0	797.591210
72286.0	804.133940
72399.0	771.854460
72512.0	766.941290
72625.0	787.706250
72738.0	839.928350
72851.0	802.714300
72964.0	806.262510
73077.0	815.217300
73190.0	810.240180
73303.0	829.121410
73416.0	803.903800
73529.0	759.118660
73643.0	780.584980
73756.0	811.512450
73869.0	798.336000
73990.0	775.207110
74054.0	676.489360
74117.0	840.165130
74189.0	793.333110
74253.0	803.145570
74317.0	791.242340
74382.0	798.087410
74476.0	815.788660
74542.0	793.277880
74614.0	844.702110
74676.0	771.075330
74742.0	773.320020
74807.0	804.538100
74869.0	757.294620
74931.0	607.449010
74996.0	725.546560
75065.0	801.819120
75128.0	713.052230
75190.0	725.032100
75282.0	769.108930
75353.0	720.755200
75449.0	738.134740
75515.0	742.148760
75579.0	763.941500
75642.0	711.431660
75707.0	762.445090
75770.0	746.056050
75833.0	782.634130
75900.0	707.627440
75993.0	780.618640
76055.0	767.902970
76133.0	464.907800
76218.0	730.581340
76282.0	710.932640
76347.0	669.927750
76442.0	771.164950
76507.0	785.864120
76576.0	793.813410
76643.0	865.929660
76706.0	825.237920
76798.0	644.326880
76865.0	728.775360
76932.0	702.259180
76996.0	676.723110
77067.0	666.472780
77129.0	695.826730
77191.0	652.901010
77256.0	757.206990
77313.0	761.572710
77374.0	691.854130
77435.0	735.174380
77496.0	727.278610
77557.0	737.741080
77618.0	700.456330
77679.0	760.545670
77740.0	741.777800
77801.0	770.134780
77862.0	720.609110
77923.0	742.406330
77984.0	737.721520
78046.0	717.356050
78106.0	689.180010
78167.0	689.224300
78228.0	738.845930
78289.0	758.406900
78350.0	740.552310
78415.0	763.830170
78472.0	749.141370
78533.0	742.799430
78594.0	758.335840
78659.0	717.134920
78716.0	734.592640
78777.0	785.389530
78838.0	936.047270
78899.0	941.814940
78960.0	736.934750
79021.0	838.216360
79082.0	650.027420
79143.0	668.478940
79204.0	713.737140
79265.0	701.169640
79326.0	658.492940
79387.0	666.252660
79448.0	709.596520
79509.0	740.299930
79570.0	767.747180
79631.0	773.847420
79692.0	720.326010
79753.0	707.008820
79814.0	716.159440
79875.0	717.687070
79936.0	730.065790
79997.0	728.730350
80058.0	733.186530
80119.0	752.623240
80180.0	748.114280
80241.0	745.422940
80302.0	718.045190
80363.0	751.647150
80424.0	739.042590
80485.0	745.724820
80546.0	729.664490
80607.0	743.577640
80668.0	725.794040
80729.0	753.466440
80790.0	730.847990
80851.0	740.372250
80912.0	741.537260
80973.0	749.147700
81034.0	752.633440
81095.0	741.509620
81156.0	739.160150
81217.0	901.774310
81278.0	936.292860
81339.0	932.220190
81400.0	886.955680
81461.0	918.991380
81522.0	899.933810
81583.0	873.328820
81644.0	955.495110
81705.0	949.162330
81766.0	910.225680
81827.0	945.838980
81890.0	369.877280
81952.0	1036.908340
82010.0	804.166000
82075.0	944.275050
82132.0	828.438170
82193.0	848.676810
82254.0	794.637710
82315.0	814.026020
82376.0	833.521580
82437.0	812.799070
82498.0	835.052030
82559.0	770.678300
82620.0	820.230430
82681.0	840.031630
82746.0	848.629860
82803.0	836.581010
82864.0	783.118150
82925.0	798.387930
82986.0	817.599930
83047.0	817.247890
83108.0	804.368180
83169.0	791.157790
83230.0	826.606300
83292.0	512.042830
83352.0	763.623780
83413.0	741.208020
83474.0	673.856920
83535.0	716.228120
83596.0	822.155760
83657.0	809.228820
83718.0	846.888520
83779.0	849.149270
83840.0	825.237370
83901.0	831.228620
83962.0	825.902610
84023.0	819.541020
84084.0	829.266400
84145.0	856.997010
84206.0	821.225610
84267.0	815.573520
84328.0	805.692850
84389.0	843.793510
84450.0	801.294820
84511.0	757.337410
84572.0	812.273910
84633.0	631.273620
84694.0	687.985330
84755.0	771.917020
84816.0	767.326660
84877.0	755.981630
84938.0	742.597550
84999.0	785.769020
85060.0	761.822710
85121.0	765.947220
85182.0	774.778650
85243.0	773.233220
85304.0	765.557650
85365.0	754.474030
85426.0	769.070670
85487.0	781.269690
85548.0	752.739920
85609.0	770.666430
85670.0	777.051780
85731.0	780.315130
85792.0	781.153270
85853.0	748.899480
85914.0	779.494460
85975.0	759.012060
86036.0	927.085900
86097.0	984.888230
86158.0	922.092840
86219.0	938.628960
86280.0	788.326140
86341.0	834.746480
