
*** libScix ninf_call (peak) - 1cpu ***

	init	trans	calc	total	perform    calc_per	speed
	[sec]	[sec]	[sec]	[sec]	[kflops]   [kflops]	[kbyte/sec]
100	3.33	0.35	0.07	3.75	183	   9986		234
200		0.80	0.10	4.23	1279	   52605	405
400		2.37	0.32	6.02	7145	   135047	543
600		4.25	0.88	9.46	15298	   164577	680
800		9.41	1.97	14.71	23290	   173699	546
1000		14.46	3.68	21.47	31142	   181546	555
1200		20.73	6.26	30.32	38089	   184458	557
1400		28.01	9.82	41.16	44539	   186618	561
1600		

average					(except for 1 and 2)	574
								4.589 Mbps

*** lapack ninf_call (peak) - 1cpu ***

	init	trans	calc	total	perform    calc_per	speed
	[sec]	[sec]	[sec]	[sec]	[kflops]   [kflops]	[kbyte/sec]
100	0.777	0.163	0.04	0.98	698	   17400	503
200		0.613	0.17	1.56	3480	   32436	529
400		2.163	0.91	3.85	11177	   47174	595
600		4.963	2.58	8.32	17396	   56114	583
800		8.733	5.50	15.01	22821	   62256	588
1000		13.393	10.15	24.32	27499	   65862	599
1200		19.273	16.88	36.93	31268	   68424	599
1400		26.063	25.99	52.83	34703	   70525	603
1600		34.113	37.30	72.19	37896	   73353	601

average					(except for 1 and 2)	595
								4.764 Mbps