=== Alpha Local performance (peak) ===
matrix	total	perform
        [sec]	[Mflops]
100	 0.01    100.507
200	 0.06     85.330
400	 0.55     77.679
600	 2.58     56.171
800	 9.45     36.272
1000	22.16     30.173
1200	38.55     29.961
1400	64.09     28.606
1600	95.81     28.555


=== Alpha <-> J90 Ninf_call (peak) 1PE ===

matrix  init    trans   calc    total   perform    cal_perform	speed
        [sec]   [sec]   [sec]   [sec]   [Mflops]   [Mflops]    	[Mbyte/sec]

  100   0.03    0.09    0.01    0.12      5.496       98.095      0.954
  200   0.05    0.28    0.04    0.37     14.712      138.803      1.141
  400   0.04    0.59    0.26    0.88     48.905      167.917      2.194
  600   0.04    1.17    0.81    2.02     71.591      177.789      2.472
  800   0.04    2.07    1.90    4.01     85.362      180.228      2.478
 1000   0.05    3.35    3.61    7.01     95.417      185.124      2.393
 1200   0.04    4.61    6.18   10.83    106.635      186.813      2.504
 1400   0.04    6.25    9.74   16.03    114.383      188.200      2.512
 1600   0.05    8.07   15.10   23.22    117.844      181.130      2.542

average							2.132


=== Alpha <-> J90 Ninf_call (peak) 4PE ===

matrix  init    trans   calc    total   perform    cal_perform	speed
        [sec]   [sec]   [sec]   [sec]   [Mflops]   [Mflops]    	[Mbyte/sec]

  100   0.04    0.07    0.01    0.12      5.863       98.095      1.189
  200   0.04    0.28    0.03    0.35     15.424      174.624      1.178
  400   0.04    0.55    0.14    0.74     58.060      300.606      2.329
  600   0.04    1.17    0.35    1.56     92.664      418.266      2.472
  800   0.04    2.04    0.70    2.78    123.052      490.148      2.521
 1000   0.04    3.18    1.19    4.42    151.393      560.022      2.521
 1200   0.04    4.63    1.98    6.65    173.651      584.749      2.493
 1400   0.05    6.29    3.01    9.36    195.886      608.852      2.496
 1600   0.01    8.27    4.56   12.84    213.069      600.480      2.480

average							2.187

