=== SuperSPARC Local (peak)  ===

matrix	total	perform
	[sec]	[Mflops]

100       0.06    10.729
200	  0.48    11.386
400	  4.49     9.570
600	 27.91     5.186
800	 77.84     4.402
1000	157.49     4.246
1200	270.66     4.267
1400	432.29     4.241
1600	655.17     4.176


=== SuperSPARC <-> UltraSPARC Ninf_call (peak) ===

matrix  init    trans   calc    total   perform    cal_perform	speed
        [sec]   [sec]   [sec]   [sec]   [Mflops]   [Mflops]    	[Mbyte/sec]

  100   0.08    0.03    0.02    0.13      5.411       31.212      2.563
  200   0.08    0.12    0.17    0.37     14.727       31.657      2.656
  400   0.08    0.44    1.72    2.24     19.226       25.036      2.921
  600   0.07    0.87    6.28    7.22     20.034       23.048      3.317
  800   0.08    1.47   15.48   17.03     20.114       22.134      3.492
 1000   0.10    2.34   30.68   33.11     20.198       21.798      3.433
 1200   0.13    3.35   54.11   57.58     20.058       21.345      3.448
 1400   0.09    4.47   86.94   91.49     20.038       21.087      3.518
 1600   0.15    5.96  133.70  139.81     19.568       20.462      3.441

average							3.199


=== SuperSPARC <-> J90 Ninf_call (peak)  1PE ===

matrix  init    trans   calc    total   perform    cal_perform	speed
        [sec]   [sec]   [sec]   [sec]   [Mflops]   [Mflops]    	[Mbyte/sec]

  100   0.11    0.09    0.01    0.21      3.250       98.095      0.891
  200   0.13    0.21    0.04    0.38     14.242      138.803      1.543
  400   0.13    0.62    0.26    1.01     42.739      167.917      2.061
  600   0.17    1.33    0.81    2.32     62.246      177.789      2.171
  800   0.15    2.30    1.91    4.36     78.509      179.097      2.233
 1000   0.16    3.41    3.61    7.18     93.100      185.124      2.352
 1200   0.15    4.82    6.18   11.16    103.460      186.813      2.393
 1400   0.25    6.63    9.74   16.62    110.321      188.200      2.368
 1600   0.26    8.95   15.10   24.31    112.542      181.142      2.292

average							2.034


=== SuperSPARC <-> J90 Ninf_call (peak)  4PE ===

matrix  init    trans   calc    total   perform    cal_perform	speed
        [sec]   [sec]   [sec]   [sec]   [Mflops]   [Mflops]    	[Mbyte/sec]

  100   0.12    0.08    0.01    0.21      3.298       85.833      0.988
  200   0.13    0.20    0.03    0.36     15.026      174.624      1.604
  400   0.14    0.62    0.14    0.90     47.993      309.257      2.064
  600   0.18    1.37    0.35    1.90     76.178      413.486      2.109
  800   0.14    2.37    0.71    3.22    106.418      482.554      2.171
 1000   0.14    3.67    1.21    5.02    133.109      553.074      2.183
 1200   0.14    5.20    1.96    7.30    158.294      590.429      2.220
 1400   0.23    7.12    2.99   10.34    177.233      613.539      2.205
 1600   0.29    9.25    4.56   14.10    194.051      599.690      2.218

average							1.974

