
=== UltraSPARC Local (peak) ===

matrix	total	perform
	[sec]	[Mflops]

100	0.02    31.212
200	0.17    31.657
400	1.72    25.036
600	6.28    23.04
800	15.48   22.134
1000	30.68   21.798
1200	54.11   21.345
1400	86.94   21.087
1600	5.96    20.462


=== UltraSPARC <-> J90 Ninf_call (peak) 1PE ===

matrix  init    trans   calc    total   perform    cal_perform	speed
        [sec]   [sec]   [sec]   [sec]   [Mflops]   [Mflops]    	[Mbyte/sec]

  100   0.04    0.10    0.01    0.14      4.940       98.095      0.854
  200   0.04    0.22    0.04    0.30     18.155      138.803      1.446
  400   0.04    0.61    0.26    0.90     47.559      167.917      2.118
  600   0.04    1.28    0.81    2.13     67.825      177.789      2.259
  800   0.04    2.12    1.90    4.06     84.289      180.228      2.419
 1000   0.04    3.27    3.61    6.92     96.599      185.124      2.451
 1200   0.03    4.26    6.20   10.49    110.108      186.421      2.709
 1400   0.04    6.40    9.74   16.18    113.291      188.200      2.454
 1600   0.04    8.40   15.10   23.54    116.223      181.142      2.442

average							2.128


=== UltraSPARC <-> J90 Ninf_call (peak) 4PE ===

matrix  init    trans   calc    total   perform    cal_perform	speed
        [sec]   [sec]   [sec]   [sec]   [Mflops]   [Mflops]    	[Mbyte/sec]

  100   0.05    0.09    0.01    0.15      4.729       98.095      0.921
  200   0.05    0.21    0.03    0.30     18.088      174.624      1.507
  400   0.05    0.59    0.14    0.79     54.680      300.606      2.172
  600   0.04    1.31    0.34    1.70     84.989      421.924      2.203
  800   0.05    2.14    0.70    2.89    118.687      490.850      2.402
 1000   0.04    3.29    1.21    4.54    147.251      554.450      2.437
 1200   0.04    4.73    1.96    6.73    171.550      589.525      2.442
 1400   0.05    6.49    2.98    9.53    192.443      614.155      2.420
 1600   0.04    8.46    4.56   13.07    209.293      599.427      2.424

average							2.103
