=== Alpha <-> J90 ninf_call (1PE) ===

matrix  init    trans   calc    total   perform    cal_perform	speed
        [sec]   [sec]   [sec]   [sec]   [Mflops]   [Mflops]    	[Mbyte/sec]

  100   0.03    0.09    0.01    0.12      5.496       98.095      0.954
  200   0.05    0.28    0.04    0.37     14.712      138.803      1.141
  400   0.04    0.59    0.26    0.88     48.905      167.917      2.194
  600   0.04    1.17    0.81    2.02     71.591      177.789      2.472
  800   0.04    2.07    1.90    4.01     85.362      180.228      2.478
 1000   0.05    3.35    3.61    7.01     95.417      185.124      2.393
 1200   0.04    4.61    6.18   10.83    106.635      186.813      2.504
 1400   0.04    6.25    9.74   16.03    114.383      188.200      2.512
 1600   0.05    8.07   15.10   23.22    117.844      181.130      2.542

average							2.132

