=== Alpha <-> J90 ninf_call (4PE) ===

matrix  init    trans   calc    total   perform    cal_perform	speed
        [sec]   [sec]   [sec]   [sec]   [Mflops]   [Mflops]    	[Mbyte/sec]

  100   0.04    0.07    0.01    0.12      5.863       98.095      1.189
  200   0.04    0.28    0.03    0.35     15.424      174.624      1.178
  400   0.04    0.55    0.14    0.74     58.060      300.606      2.329
  600   0.04    1.17    0.35    1.56     92.664      418.266      2.472
  800   0.04    2.04    0.70    2.78    123.052      490.148      2.521
 1000   0.04    3.18    1.19    4.42    151.393      560.022      2.521
 1200   0.04    4.63    1.98    6.65    173.651      584.749      2.493
 1400   0.05    6.29    3.01    9.36    195.886      608.852      2.496
 1600   0.01    8.27    4.56   12.84    213.069      600.480      2.480

average							2.187

