=== SS10 local (peak)  ===

matrix	total	perform
	[sec]	[Mflops]

100       0.06    10729
200	  0.48    11386
400	  4.49     9570
600	 27.91     5186
800	 77.84     4402
1000	157.49     4246
1200	270.66     4267
1400	432.29     4241
1600	655.17     4176


=== SS10 <-> Ultra ninf_call (peak) ===

matrix  init    trans   calc    total   perform    cal_perform	speed
        [sec]   [sec]   [sec]   [sec]   [Mflops]   [Mflops]    	[Mbyte/sec]

  100   0.08    0.03    0.02    0.13      5.411       31.212      2.563
  200   0.08    0.12    0.17    0.37     14.727       31.657      2.656
  400   0.08    0.44    1.72    2.24     19.226       25.036      2.921
  600   0.07    0.87    6.28    7.22     20.034       23.048      3.317
  800   0.08    1.47   15.48   17.03     20.114       22.134      3.492
 1000   0.10    2.34   30.68   33.11     20.198       21.798      3.433
 1200   0.13    3.35   54.11   57.58     20.058       21.345      3.448
 1400   0.09    4.47   86.94   91.49     20.038       21.087      3.518
 1600   0.15    5.96  133.70  139.81     19.568       20.462      3.441

average							3.199


=== SS10 <-> J90 ninf_call (peak)  1cpu ===

matrix  init    trans   calc    total   perform    cal_perform	speed
        [sec]   [sec]   [sec]   [sec]   [Mflops]   [Mflops]    	[Mbyte/sec]

  100   0.11    0.09    0.01    0.21      3.250       98.095      0.891
  200   0.13    0.21    0.04    0.38     14.242      138.803      1.543
  400   0.13    0.62    0.26    1.01     42.739      167.917      2.061
  600   0.17    1.33    0.81    2.32     62.246      177.789      2.171
  800   0.15    2.30    1.91    4.36     78.509      179.097      2.233
 1000   0.16    3.41    3.61    7.18     93.100      185.124      2.352
 1200   0.15    4.82    6.18   11.16    103.460      186.813      2.393
 1400   0.25    6.63    9.74   16.62    110.321      188.200      2.368
 1600   0.26    8.95   15.10   24.31    112.542      181.142      2.292

average							2.034


=== SS10 <-> J90 ninf_call (peak)  4cpu ===

matrix  init    trans   calc    total   perform    cal_perform	speed
        [sec]   [sec]   [sec]   [sec]   [Mflops]   [Mflops]    	[Mbyte/sec]

  100   0.12    0.08    0.01    0.21      3.298       85.833      0.988
  200   0.13    0.20    0.03    0.36     15.026      174.624      1.604
  400   0.14    0.62    0.14    0.90     47.993      309.257      2.064
  600   0.18    1.37    0.35    1.90     76.178      413.486      2.109
  800   0.14    2.37    0.71    3.22    106.418      482.554      2.171
 1000   0.14    3.67    1.21    5.02    133.109      553.074      2.183
 1200   0.14    5.20    1.96    7.30    158.294      590.429      2.220
 1400   0.23    7.12    2.99   10.34    177.233      613.539      2.205
 1600   0.29    9.25    4.56   14.10    194.051      599.690      2.218

average							1.974



=== SS20 local (peak)  ===

matrix	total	perform
	[sec]	[Mflops]

100	0.04	17.690
200	0.28	19.302
400	2.45	17.529
600	11.67	12.401
800	30.60	11.197
1000	61.63	10.849
1200	109.40	10.556
1400	178.17	10.289
1600	264.82	10.331


=== SS20 <-> J90 ninf_call (peak) 1cpu ===

matrix  init    trans   calc    total   perform    cal_perform	speed
        [sec]   [sec]   [sec]   [sec]   [Mflops]   [Mflops]    	[Mbyte/sec]

  100   0.06    0.08    0.01    0.15      4.566       98.095      1.000
  200   0.07    0.20    0.04    0.31     17.442      138.803      1.612
  400   0.07    0.60    0.26    0.93     46.203      166.615      2.143
  600   0.15    1.23    0.81    2.20     65.926      177.789      2.344
  800   0.09    2.12    1.91    4.13     83.021      179.097      2.417
 1000   0.10    3.34    3.61    7.05     94.901      185.124      2.400
 1200   0.10    4.75    6.22   11.07    104.370      185.583      2.431
 1400   0.18    6.44    9.74   16.36    112.077      188.200      2.438
 1600   0.23    8.41   15.10   23.74    115.226      181.142      2.440

average							2.136


=== SS20 <-> J90 ninf_call (peak) 4cpu ===

matrix  init    trans   calc    total   perform    cal_perform	speed
        [sec]   [sec]   [sec]   [sec]   [Mflops]   [Mflops]    	[Mbyte/sec]

  100   0.07    0.08    0.01    0.16      4.307       85.833      0.976
  200   0.08    0.20    0.03    0.31     17.459      174.624      1.628
  400   0.08    0.59    0.14    0.81     52.869      309.257      2.187
  600   0.15    1.25    0.34    1.74     83.035      426.903      2.310
  800   0.08    2.15    0.71    2.94    116.493      482.554      2.394
 1000   0.10    3.37    1.20    4.67    143.154      559.554      2.380
 1200   0.09    4.82    1.96    6.87    168.046      588.924      2.394
 1400   0.20    6.49    2.99    9.67    189.626      613.744      2.422
 1600   0.25    8.50    4.57   13.32    205.337      599.034      2.412

average							2.123



=== Pentium local (peak) linpack.c ===

matrix	total	perform
	[sec]	[Mflops]

100	0.05      14206
200	0.42      12832
400	3.57      12033
600	12.71      11386
800	31.74      10794
1000	61.91      10801
1200	109.53      10544
1400	173.89      10543
1600	261.02      10481


=== Pen <-> Ultra ninf_call (peak) ===

matrix  init    trans   calc    total   perform    cal_perform	speed
        [sec]   [sec]   [sec]   [sec]   [Mflops]   [Mflops]    	[Mbyte/sec]

  100   0.08    0.86    0.02    0.96      0.717       31.212      0.095
  200   0.08    1.58    0.17    1.83      2.962       31.657      0.205
  400   0.08    3.18    1.71    4.98      8.631       25.094      0.405
  600   0.08    5.79    6.29   12.17     11.894       22.993      0.499
  800   0.08    9.21   15.52   24.81     13.811       22.080      0.558
 1000   0.08   14.01   30.68   44.78     14.932       21.792      0.572
 1200   0.09   19.52   54.11   73.73     15.664       21.342      0.591
 1400   0.10   26.28   86.97  113.35     16.173       21.079      0.598
 1600   0.18   33.17  133.70  167.05     16.377       20.463      0.618

average							0.460


=== Pen <-> J90 ninf_call (peak) 1cpu ===

matrix  init    trans   calc    total   perform    cal_perform	speed
        [sec]   [sec]   [sec]   [sec]   [Mflops]   [Mflops]    	[Mbyte/sec]

  100   0.09    0.38    0.01    0.48      1.439       98.095      0.214
  200   0.11    0.97    0.04    1.12      4.840      138.803      0.335
  400   0.13    2.37    0.26    2.76     15.563      166.615      0.543
  600   0.12    4.49    0.81    5.42     26.682      177.789      0.644
  800   0.18    7.58    1.90    9.66     35.459      180.133      0.678
 1000   0.15   11.60    3.61   15.36     43.538      185.124      0.691
 1200   0.16   16.57    6.18   22.91     50.414      186.813      0.697
 1400   0.16   22.28    9.80   32.24     56.859      186.990      0.705
 1600   0.20   28.98   15.21   44.39     61.629      179.844      0.708

average							0.579

=== Pen <-> J90 ninf_call (peak) 4cpu ===

matrix  init    trans   calc    total   perform    cal_perform	speed
        [sec]   [sec]   [sec]   [sec]   [Mflops]   [Mflops]    	[Mbyte/sec]

  100   0.10    0.38    0.01    0.49      1.413       85.833      0.214
  200   0.11    0.98    0.03    1.12      4.831      174.624      0.332
  400   0.11    2.49    0.14    2.74     15.694      300.606      0.518
  600   0.13    4.61    0.34    5.08     28.499      425.647      0.627
  800   0.15    7.53    0.71    8.39     40.832      484.602      0.682
 1000   0.13   11.30    1.20   12.63     52.946      558.152      0.710
 1200   0.17   16.24    1.96   18.37     62.861      590.128      0.711
 1400   0.16   21.87    2.99   25.02     73.274      613.333      0.718
 1600   0.16   29.36    4.61   34.14     80.143      592.932      0.699

average							0.579


=== Ultra local (peak) linpack.c ===

matrix	total	perform
	[sec]	[Mflops]

100	0.02    31.212
200	0.17    31.657
400	1.72    25.036
600	6.28    23.04
800	15.48   22.134
1000	30.68   21.798
1200	54.11   21.345
1400	86.94   21.087
1600	5.96    20.462


=== Ultra <-> J90 ninf_call (peak) 1cpu ===

matrix  init    trans   calc    total   perform    cal_perform	speed
        [sec]   [sec]   [sec]   [sec]   [Mflops]   [Mflops]    	[Mbyte/sec]

  100   0.04    0.10    0.01    0.14      4.940       98.095      0.854
  200   0.04    0.22    0.04    0.30     18.155      138.803      1.446
  400   0.04    0.61    0.26    0.90     47.559      167.917      2.118
  600   0.04    1.28    0.81    2.13     67.825      177.789      2.259
  800   0.04    2.12    1.90    4.06     84.289      180.228      2.419
 1000   0.04    3.27    3.61    6.92     96.599      185.124      2.451
 1200   0.03    4.26    6.20   10.49    110.108      186.421      2.709
 1400   0.04    6.40    9.74   16.18    113.291      188.200      2.454
 1600   0.04    8.40   15.10   23.54    116.223      181.142      2.442

average							2.128


=== Ultra <-> J90 ninf_call (peak) 4cpu ===

matrix  init    trans   calc    total   perform    cal_perform	speed
        [sec]   [sec]   [sec]   [sec]   [Mflops]   [Mflops]    	[Mbyte/sec]

  100   0.05    0.09    0.01    0.15      4.729       98.095      0.921
  200   0.05    0.21    0.03    0.30     18.088      174.624      1.507
  400   0.05    0.59    0.14    0.79     54.680      300.606      2.172
  600   0.04    1.31    0.34    1.70     84.989      421.924      2.203
  800   0.05    2.14    0.70    2.89    118.687      490.850      2.402
 1000   0.04    3.29    1.21    4.54    147.251      554.450      2.437
 1200   0.04    4.73    1.96    6.73    171.550      589.525      2.442
 1400   0.05    6.49    2.98    9.53    192.443      614.155      2.420
 1600   0.04    8.46    4.56   13.07    209.293      599.427      2.424

average							2.103
