=== Pen <-> J90 ninf_call (1PE) ===

matrix  init    trans   calc    total   perform    cal_perform	speed
        [sec]   [sec]   [sec]   [sec]   [Mflops]   [Mflops]    	[Mbyte/sec]

  100   0.09    0.38    0.01    0.48      1.439       98.095      0.214
  200   0.11    0.97    0.04    1.12      4.840      138.803      0.335
  400   0.13    2.37    0.26    2.76     15.563      166.615      0.543
  600   0.12    4.49    0.81    5.42     26.682      177.789      0.644
  800   0.18    7.58    1.90    9.66     35.459      180.133      0.678
 1000   0.15   11.60    3.61   15.36     43.538      185.124      0.691
 1200   0.16   16.57    6.18   22.91     50.414      186.813      0.697
 1400   0.16   22.28    9.80   32.24     56.859      186.990      0.705
 1600   0.20   28.98   15.21   44.39     61.629      179.844      0.708

average							0.579

