=== Pen <-> J90 ninf_call (4PE) ===

matrix  init    trans   calc    total   perform    cal_perform	speed
        [sec]   [sec]   [sec]   [sec]   [Mflops]   [Mflops]    	[Mbyte/sec]

  100   0.10    0.38    0.01    0.49      1.413       85.833      0.214
  200   0.11    0.98    0.03    1.12      4.831      174.624      0.332
  400   0.11    2.49    0.14    2.74     15.694      300.606      0.518
  600   0.13    4.61    0.34    5.08     28.499      425.647      0.627
  800   0.15    7.53    0.71    8.39     40.832      484.602      0.682
 1000   0.13   11.30    1.20   12.63     52.946      558.152      0.710
 1200   0.17   16.24    1.96   18.37     62.861      590.128      0.711
 1400   0.16   21.87    2.99   25.02     73.274      613.333      0.718
 1600   0.16   29.36    4.61   34.14     80.143      592.932      0.699

average							0.579

