=== Pen <-> Ultra ninf_call ===

matrix  init    trans   calc    total   perform    cal_perform	speed
        [sec]   [sec]   [sec]   [sec]   [Mflops]   [Mflops]    	[Mbyte/sec]

  100   0.08    0.86    0.02    0.96      0.717       31.212      0.095
  200   0.08    1.58    0.17    1.83      2.962       31.657      0.205
  400   0.08    3.18    1.71    4.98      8.631       25.094      0.405
  600   0.08    5.79    6.29   12.17     11.894       22.993      0.499
  800   0.08    9.21   15.52   24.81     13.811       22.080      0.558
 1000   0.08   14.01   30.68   44.78     14.932       21.792      0.572
 1200   0.09   19.52   54.11   73.73     15.664       21.342      0.591
 1400   0.10   26.28   86.97  113.35     16.173       21.079      0.598
 1600   0.18   33.17  133.70  167.05     16.377       20.463      0.618

average							0.460

