=== SS <-> Alpha ninf_call ===

matrix  init    trans   calc    total   perform    cal_perform	speed
        [sec]   [sec]   [sec]   [sec]   [Mflops]   [Mflops]    	[Mbyte/sec]

  100   0.42    0.03    0.01    0.45      1.526       85.833      3.280
  200   0.42    0.10    0.06    0.58      9.315       85.926      3.273
  400   0.42    0.41    0.55    1.39     30.999       77.734      3.119
  600   0.44    0.73    2.58    3.76     38.533       56.050      3.945
  800   0.44    1.32    9.45   11.21     30.571       36.267      3.879
 1000   0.42    1.99   22.17   24.58     27.199       30.161      4.032
 1200   0.44    2.90   38.60   41.94     27.539       29.915      3.985
 1400   0.43    4.18   64.15   68.76     26.663       28.576      3.761
 1600   0.43    5.91   96.05  102.39     26.720       28.484      3.472

average							3.638

