=== SS10 <-> J90 ninf_call (1PE) ===

matrix  init    trans   calc    total   perform    cal_perform	speed
        [sec]   [sec]   [sec]   [sec]   [Mflops]   [Mflops]    	[Mbyte/sec]

  100   0.11    0.09    0.01    0.21      3.250       98.095      0.891
  200   0.13    0.21    0.04    0.38     14.242      138.803      1.543
  400   0.13    0.62    0.26    1.01     42.739      167.917      2.061
  600   0.17    1.33    0.81    2.32     62.246      177.789      2.171
  800   0.15    2.30    1.91    4.36     78.509      179.097      2.233
 1000   0.16    3.41    3.61    7.18     93.100      185.124      2.352
 1200   0.15    4.82    6.18   11.16    103.460      186.813      2.393
 1400   0.25    6.63    9.74   16.62    110.321      188.200      2.368
 1600   0.26    8.95   15.10   24.31    112.542      181.142      2.292

average							2.034

