=== SS10 <-> J90 ninf_call (4PE) ===

matrix  init    trans   calc    total   perform    cal_perform	speed
        [sec]   [sec]   [sec]   [sec]   [Mflops]   [Mflops]    	[Mbyte/sec]

  100   0.12    0.08    0.01    0.21      3.298       85.833      0.988
  200   0.13    0.20    0.03    0.36     15.026      174.624      1.604
  400   0.14    0.62    0.14    0.90     47.993      309.257      2.064
  600   0.18    1.37    0.35    1.90     76.178      413.486      2.109
  800   0.14    2.37    0.71    3.22    106.418      482.554      2.171
 1000   0.14    3.67    1.21    5.02    133.109      553.074      2.183
 1200   0.14    5.20    1.96    7.30    158.294      590.429      2.220
 1400   0.23    7.12    2.99   10.34    177.233      613.539      2.205
 1600   0.29    9.25    4.56   14.10    194.051      599.690      2.218

average							1.974

