=== SS10 <-> Ultra ninf_call ===

matrix  init    trans   calc    total   perform    cal_perform	speed
        [sec]   [sec]   [sec]   [sec]   [Mflops]   [Mflops]    	[Mbyte/sec]

  100   0.08    0.03    0.02    0.13      5.411       31.212      2.563
  200   0.08    0.12    0.17    0.37     14.727       31.657      2.656
  400   0.08    0.44    1.72    2.24     19.226       25.036      2.921
  600   0.07    0.87    6.28    7.22     20.034       23.048      3.317
  800   0.08    1.47   15.48   17.03     20.114       22.134      3.492
 1000   0.10    2.34   30.68   33.11     20.198       21.798      3.433
 1200   0.13    3.35   54.11   57.58     20.058       21.345      3.448
 1400   0.09    4.47   86.94   91.49     20.038       21.087      3.518
 1600   0.15    5.96  133.70  139.81     19.568       20.462      3.441

average							3.199

