=== SS1 <-> J90 ninf_call (4PE) ===

matrix  init    trans   calc    total   perform    cal_perform	speed
        [sec]   [sec]   [sec]   [sec]   [Mflops]   [Mflops]    	[Mbyte/sec]

  100   0.07    0.10    0.01    0.18      3.731       98.095      0.796
  200   0.07    0.33    0.03    0.43     12.453      174.624      0.985
  400   0.07    1.17    0.14    1.38     31.133      304.870      1.103
  600   0.08    2.64    0.34    3.06     47.322      428.166      1.095
  800   0.07    4.53    0.71    5.31     64.499      484.602      1.133
 1000   0.08    7.05    1.20    8.33     80.269      557.222      1.137
 1200   0.09   10.13    1.96   12.18     94.827      589.224      1.139
 1400   0.09   13.86    2.99   16.93    108.275      613.539      1.134
 1600   2.76   47.91    4.55   55.21     49.557      601.536      0.428

average							0.995

