=== SS1 <-> J90 ninf_call (1PE) ===

matrix  init    trans   calc    total   perform    cal_perform	speed
        [sec]   [sec]   [sec]   [sec]   [Mflops]   [Mflops]    	[Mbyte/sec]

  100   0.06    0.10    0.01    0.17      3.937       98.095      0.804
  200   0.06    0.33    0.04    0.43     12.593      138.803      0.985
  400   0.06    1.17    0.26    1.49     28.890      167.263      1.103
  600   0.07    2.61    0.81    3.50     41.331      177.789      1.107
  800   0.06    4.54    1.90    6.50     52.708      180.228      1.133
 1000   0.06    7.05    3.61   10.72     62.348      185.124      1.138
 1200   0.07   10.13    6.18   16.38     70.490      186.813      1.139
 1400   0.07   13.86    9.74   23.67     77.445      188.180      1.133
 1600   2.60   46.16   15.20   63.96     42.776      180.010      0.444

average							0.998

