=== SS20 <-> J90 ninf_call (1PE) ===

matrix  init    trans   calc    total   perform    cal_perform	speed
        [sec]   [sec]   [sec]   [sec]   [Mflops]   [Mflops]    	[Mbyte/sec]

  100   0.06    0.08    0.01    0.15      4.566       98.095      1.000
  200   0.07    0.20    0.04    0.31     17.442      138.803      1.612
  400   0.07    0.60    0.26    0.93     46.203      166.615      2.143
  600   0.15    1.23    0.81    2.20     65.926      177.789      2.344
  800   0.09    2.12    1.91    4.13     83.021      179.097      2.417
 1000   0.10    3.34    3.61    7.05     94.901      185.124      2.400
 1200   0.10    4.75    6.22   11.07    104.370      185.583      2.431
 1400   0.18    6.44    9.74   16.36    112.077      188.200      2.438
 1600   0.23    8.41   15.10   23.74    115.226      181.142      2.440

average							2.136

