=== SS20 <-> J90 ninf_call (4PE) ===

matrix  init    trans   calc    total   perform    cal_perform	speed
        [sec]   [sec]   [sec]   [sec]   [Mflops]   [Mflops]    	[Mbyte/sec]

  100   0.07    0.08    0.01    0.16      4.307       85.833      0.976
  200   0.08    0.20    0.03    0.31     17.459      174.624      1.628
  400   0.08    0.59    0.14    0.81     52.869      309.257      2.187
  600   0.15    1.25    0.34    1.74     83.035      426.903      2.310
  800   0.08    2.15    0.71    2.94    116.493      482.554      2.394
 1000   0.10    3.37    1.20    4.67    143.154      559.554      2.380
 1200   0.09    4.82    1.96    6.87    168.046      588.924      2.394
 1400   0.20    6.49    2.99    9.67    189.626      613.744      2.422
 1600   0.25    8.50    4.57   13.32    205.337      599.034      2.412

average							2.123

