=== Ultra <-> J90 ninf_call (1PE) ===

matrix  init    trans   calc    total   perform    cal_perform	speed
        [sec]   [sec]   [sec]   [sec]   [Mflops]   [Mflops]    	[Mbyte/sec]

  100   0.04    0.10    0.01    0.14      4.940       98.095      0.854
  200   0.04    0.22    0.04    0.30     18.155      138.803      1.446
  400   0.04    0.61    0.26    0.90     47.559      167.917      2.118
  600   0.04    1.28    0.81    2.13     67.825      177.789      2.259
  800   0.04    2.12    1.90    4.06     84.289      180.228      2.419
 1000   0.04    3.27    3.61    6.92     96.599      185.124      2.451
 1200   0.03    4.26    6.20   10.49    110.108      186.421      2.709
 1400   0.04    6.40    9.74   16.18    113.291      188.200      2.454
 1600   0.04    8.40   15.10   23.54    116.223      181.142      2.442

average							2.128

