=== Ultra <-> J90 ninf_call (4PE) ===

matrix  init    trans   calc    total   perform    cal_perform	speed
        [sec]   [sec]   [sec]   [sec]   [Mflops]   [Mflops]    	[Mbyte/sec]

  100   0.05    0.09    0.01    0.15      4.729       98.095      0.921
  200   0.05    0.21    0.03    0.30     18.088      174.624      1.507
  400   0.05    0.59    0.14    0.79     54.680      300.606      2.172
  600   0.04    1.31    0.34    1.70     84.989      421.924      2.203
  800   0.05    2.14    0.70    2.89    118.687      490.850      2.402
 1000   0.04    3.29    1.21    4.54    147.251      554.450      2.437
 1200   0.04    4.73    1.96    6.73    171.550      589.525      2.442
 1400   0.05    6.49    2.98    9.53    192.443      614.155      2.420
 1600   0.04    8.46    4.56   13.07    209.293      599.427      2.424

average							2.103

