
=== archub(SS2) local (peak) ===

matrix	total		performance
        [sec]   	[Mflops]  	

100 	0.44		1.569
200 	3.88		1.396
400	30.36		1.416
600	101.87		1.421
800	240.36		1.425
1000	471.00		1.420
1200	814.36		1.418
1400	1297.23		1.413
1600	12041.61	0.227


=== archub <-> taro(US) ninfcall (peak) ===

matrix  init    trans   calc    total   perform    cal_perform	speed
        [sec]   [sec]   [sec]   [sec]   [Mflops]   [Mflops]    	[kbyte/sec]

  100   	0.18	  0.03    0.21    3.331      23.053	456
  200   	0.53	  0.23    0.76    7.150      23.053	611
  400   	1.96	  2.20    4.16   10.334      19.569	657
  600   	4.30	  7.87   12.17   11.892      18.391	673
  800   	7.56	 19.26   26.82   12.777      17.788	679
 1000   	11.72	 37.83   49.55   13.496      17.676	684
 1200   	17.13	 66.53   83.66   13.805      17.358	674
 1400   	23.33	106.03  129.36   14.172      17.290	673
 1600   	69.20	161.26  230.46   11.871      16.965	296

average								600.440
								4.804 [Mbps]


=== SS2 <-> J90 ninf_call (peak) ===

matrix  init    trans   calc    total   perform    cal_perform	speed
        [sec]   [sec]   [sec]   [sec]   [Mflops]   [Mflops]    	[kbyte/sec]

  100   	0.99	  0.04    1.03    0.664      17.397	83
  200   	1.41	  0.17    1.58    3.430      32.434	230
  400   	2.95	  0.91    3.86   11.139      47.114	437
  600   	5.74	  2.58    8.32   17.384      56.035	504
  800   	9.53	  5.51   15.04   22.788      62.183	539
 1000   	14.25	 10.16   24.41   27.394      65.794	563
 1200   	20.08	 16.88   36.96   31.243      68.399	575
 1400   	26.98	 26.01   52.99   34.598      70.480	582
 1600   	75.71	 37.36  113.07   24.196      73.222	271

average								420.318
								3.363 [Mbps]
