
*** hpc local (peak) ***

matrix	total	performance
        [sec]   [kflops]  	

100 	0.06      11849
200 	0.44      12329
400	3.50      12288
600	14.42     10033
800	36.50     9387
1000	72.97     9164
1200	128.65    8977
1400	209.10    8767
1600	312.10    8766


*** hpc -> taro ninf_call (peak) ***

matrix  init    trans   calc    total   perform    cal_perform	speed
        [sec]   [sec]   [sec]   [sec]   [kflops]   [kflops]    	[kbyte/sec]

100     0.05    0.03    0.03    0.11    6336       21804	2734
200             0.13    0.24    0.42    12953      23030	2492
400             0.50    2.20    2.75    15606      19540        2576
600             1.09    7.94    9.08    15946      18254        2653
800             1.90    19.34   21.29   16091      17714        2703
1000            2.72    37.78   40.55   16489      17698        2949
1200            3.99    66.51   70.55   16370      17362        2893
1400            5.42    106.02  111.49  16443      17292        2898
1600            7.06    161.30  168.41  16244      16961        2905

average								2756
								22.048 Mbps


*** hpc -> j90 ninf_call (peak) ***

	init	trans	calc	total	perform    calc_per	speed
	[sec]	[sec]	[sec]	[sec]	[kflops]   [kflops]	[kbyte/sec]
100	0.777	0.163	0.04	0.98	698	   17400	503
200		0.613	0.17	1.56	3480	   32436	529
400		2.163	0.91	3.85	11177	   47174	595
600		4.963	2.58	8.32	17396	   56114	583
800		8.733	5.50	15.01	22821	   62256	588
1000		13.393	10.15	24.32	27499	   65862	599
1200		19.273	16.88	36.93	31268	   68424	599
1400		26.063	25.99	52.83	34703	   70525	603
1600		34.113	37.30	72.19	37896	   73353	601

average					(except for 1 and 2)	595
								4.764 Mbps
